image: kelly.png
resolution: 0.050000
origin: [-15.420296, -8.523180, 0.000000]
negate: 0
occupied_thresh: 0.65
free_thresh: 0.196

