image: hallway_1.pgm.pgm
resolution: 0.050000
origin: [-0.600000, -3.838401, 0.000000]
negate: 0
occupied_thresh: 0.65
free_thresh: 0.196

